bass_enable=true
bass_maxgain=5
compander_enable=false
compander_granularity=2
compander_response=95.0;200.0;400.0;800.0;1600.0;3400.0;7500.0;0;0;0;0;0;0;0
compander_time_freq_transforms=0
compander_timeconstant=0.22000
convolver_enable=false
convolver_file=/home/celly/.config/jamesdsp/irs/CorredHRTF_Crossfeed.wav
convolver_optimization_mode=0
convolver_waveform_edit=-80;-100;0;0;0;0
crossfeed_bs2b_fcut=700
crossfeed_bs2b_feed=60
crossfeed_enable=false
crossfeed_mode=0
ddc_enable=true
ddc_file=/home/celly/.config/jamesdsp/vdc/FrontRearContrast.vdc
graphiceq_enable=false
graphiceq_param=GraphicEQ: 20 -7.2; 21 -7.3; 22 -7.5; 23 -7.5; 24 -7.6; 26 -7.6; 27 -7.6; 29 -7.7; 30 -7.7; 32 -7.7; 34 -7.7; 36 -7.8; 38 -7.8; 40 -7.7; 43 -7.7; 45 -7.7; 48 -7.7; 50 -7.6; 53 -7.7; 56 -7.7; 59 -7.7; 63 -7.7; 66 -7.7; 70 -7.8; 74 -7.9; 78 -7.9; 83 -8.1; 87 -8.2; 92 -8.3; 97 -8.5; 103 -8.7; 109 -8.8; 115 -9; 121 -9; 128 -9.1; 136 -9.3; 143 -9.3; 151 -9.3; 160 -9.2; 169 -9.1; 178 -9; 188 -8.9; 199 -8.7; 210 -8.5; 222 -8.3; 235 -8.1; 248 -7.8; 262 -7.6; 277 -7.3; 292 -7; 309 -6.7; 326 -6.4; 345 -6.1; 364 -5.7; 385 -5.4; 406 -5.1; 429 -4.8; 453 -4.5; 479 -4.2; 506 -4; 534 -3.7; 565 -3.4; 596 -3.2; 630 -2.9; 665 -2.7; 703 -2.5; 743 -2.3; 784 -2.1; 829 -2; 875 -2; 924 -2.1; 977 -2.2; 1032 -2.4; 1090 -2.8; 1151 -3.2; 1216 -3.7; 1284 -4; 1357 -4.5; 1433 -4.8; 1514 -5.2; 1599 -5.6; 1689 -6.1; 1784 -6.5; 1885 -7; 1991 -7.5; 2103 -7.8; 2221 -7.9; 2347 -7.4; 2479 -6.4; 2618 -5.2; 2766 -4; 2921 -2.9; 3086 -2; 3260 -1.4; 3443 -1.1; 3637 -1.1; 3842 -1.5; 4058 -2.2; 4287 -3.4; 4528 -5.1; 4783 -6.7; 5052 -7.2; 5337 -5.5; 5637 -2.8; 5955 -1.2; 6290 -0.2; 6644 -0.5; 7018 -1.8; 7414 -2.5; 7831 -2.4; 8272 -1.9; 8738 -1.7; 9230 -1.6; 9749 -1.7; 10298 -2.2; 10878 -2.7; 11490 -3.3; 12137 -4; 12821 -4.8; 13543 -5.7; 14305 -6.7; 15110 -7.9; 15961 -9.1; 16860 -10.4; 17809 -11.9; 18812 -13.5; 19871 -15.1
liveprog_enable=true
liveprog_file=/home/celly/.config/jamesdsp/liveprog/gainControl.eel
master_enable=true
master_limrelease=60
master_limthreshold=0
master_postgain=0
reverb_bassboost=0.25000
reverb_decay=2.09000
reverb_delay=0.00000
reverb_enable=false
reverb_finaldry=-7.00000
reverb_finalwet=-9.00000
reverb_lfo_spin=0.70000
reverb_lfo_wander=0.30000
reverb_lpf_bass=600
reverb_lpf_damp=9000
reverb_lpf_input=18000
reverb_lpf_output=17000
reverb_osf=1
reverb_reflection_amount=0.30000
reverb_reflection_factor=1.00000
reverb_reflection_width=0.70000
reverb_wet=-8.00000
reverb_width=1.00000
stereowide_enable=false
stereowide_level=60
tone_enable=false
tone_eq=25.0;40.0;63.0;100.0;160.0;250.0;400.0;630.0;1000.0;1600.0;2500.0;4000.0;6300.0;10000.0;16000.0;0;0;0;0;0;0;0;0;0;0;0;0;0;0;0
tone_filtertype=0
tone_interpolation=0
tube_enable=false
tube_pregain=200
